99999999999999990
9999999999999990
999999999999999990
99999999999999990
9999999999999999990
999999999999999990
99999999999999999990
9999999999999999990
999999999999999999990
99999999999999999990
9999999999999999999990
999999999999999999990
99999999999999999999990
9999999999999999999990
999999999999999999999990
99999999999999999999990
9999999999999999999999990
999999999999999999999990
99999999999999999999999990
9999999999999999999999990
999999999999999999999999990
99999999999999999999999990
9999999999999999999999999990
999999999999999999999999990
99999999999999999999999999990
9999999999999999999999999990
999999999999999999999999999990
99999999999999999999999999990
9999999999999999999999999999990
999999999999999999999999999990
99999999999999999999999999999990
9999999999999999999999999999990
999999999999999999999999999999990
99999999999999999999999999999990
9999999999999999999999999999999990
999999999999999999999999999999990
99999999999999999999999999999999990
9999999999999999999999999999999990
999999999999999999999999999999999990
99999999999999999999999999999999990
9999999999999999999999999999999999990
999999999999999999999999999999999990
99999999999999999999999999999999999990
9999999999999999999999999999999999990
999999999999999999999999999999999999990
99999999999999999999999999999999999990
9999999999999999999999999999999999999990
999999999999999999999999999999999999990
99999999999999999999999999999999999999990
9999999999999999999999999999999999999990
999999999999999999999999999999999999999990
99999999999999999999999999999999999999990
9999999999999999999999999999999999999999990
999999999999999999999999999999999999999990
99999999999999999999999999999999999999999990
9999999999999999999999999999999999999999990
999999999999999999999999999999999999999999990
99999999999999999999999999999999999999999990
9999999999999999999999999999999999999999999990
999999999999999999999999999999999999999999990
99999999999999999999999999999999999999999999990
9999999999999999999999999999999999999999999990
999999999999999999999999999999999999999999999990
99999999999999999999999999999999999999999999990
9999999999999999999999999999999999999999999999990
999999999999999999999999999999999999999999999990
99999999999999999999999999999999999999999999999990
9999999999999999999999999999999999999999999999990
999999999999999999999999999999999999999999999999990
99999999999999999999999999999999999999999999999990
9999999999999999999999999999999999999999999999999990
999999999999999999999999999999999999999999999999990
99999999999999999999999999999999999999999999999999990
9999999999999999999999999999999999999999999999999990
999999999999999999999999999999999999999999999999999990
99999999999999999999999999999999999999999999999999990
9999999999999999999999999999999999999999999999999999990
999999999999999999999999999999999999999999999999999990
99999999999999999999999999999999999999999999999999999990
9999999999999999999999999999999999999999999999999999990
999999999999999999999999999999999999999999999999999999990
99999999999999999999999999999999999999999999999999999990
9999999999999999999999999999999999999999999999999999999990
999999999999999999999999999999999999999999999999999999990
99999999999999999999999999999999999999999999999999999999990
9999999999999999999999999999999999999999999999999999999990
999999999999999999999999999999999999999999999999999999999990
99999999999999999999999999999999999999999999999999999999990
9999999999999999999999999999999999999999999999999999999999990
999999999999999999999999999999999999999999999999999999999990
99999999999999999999999999999999999999999999999999999999999990
9999999999999999999999999999999999999999999999999999999999990
999999999999999999999999999999999999999999999999999999999999990
99999999999999999999999999999999999999999999999999999999999990
9999999999999999999999999999999999999999999999999999999999999990
999999999999999999999999999999999999999999999999999999999999990
99999999999999999999999999999999999999999999999999999999999999990
9999999999999999999999999999999999999999999999999999999999999990
999999999999999999999999999999999999999999999999999999999999999990
99999999999999999999999999999999999999999999999999999999999999990
9999999999999999999999999999999999999999999999999999999999999999990
999999999999999999999999999999999999999999999999999999999999999990
99999999999999999999999999999999999999999999999999999999999999999990
9999999999999999999999999999999999999999999999999999999999999999990
999999999999999999999999999999999999999999999999999999999999999999990
99999999999999999999999999999999999999999999999999999999999999999990
9999999999999999999999999999999999999999999999999999999999999999999990
999999999999999999999999999999999999999999999999999999999999999999990
99999999999999999999999999999999999999999999999999999999999999999999990
9999999999999999999999999999999999999999999999999999999999999999999990
999999999999999999999999999999999999999999999999999999999999999999999990
99999999999999999999999999999999999999999999999999999999999999999999990
9999999999999999999999999999999999999999999999999999999999999999999999990
999999999999999999999999999999999999999999999999999999999999999999999990
99999999999999999999999999999999999999999999999999999999999999999999999990
9999999999999999999999999999999999999999999999999999999999999999999999990
999999999999999999999999999999999999999999999999999999999999999999999999990
99999999999999999999999999999999999999999999999999999999999999999999999990
9999999999999999999999999999999999999999999999999999999999999999999999999990
999999999999999999999999999999999999999999999999999999999999999999999999990
99999999999999999999999999999999999999999999999999999999999999999999999999990
9999999999999999999999999999999999999999999999999999999999999999999999999990
999999999999999999999999999999999999999999999999999999999999999999999999999990
99999999999999999999999999999999999999999999999999999999999999999999999999990
9999999999999999999999999999999999999999999999999999999999999999999999999999990
999999999999999999999999999999999999999999999999999999999999999999999999999990
99999999999999999999999999999999999999999999999999999999999999999999999999999990
9999999999999999999999999999999999999999999999999999999999999999999999999999990
999999999999999999999999999999999999999999999999999999999999999999999999999999990
99999999999999999999999999999999999999999999999999999999999999999999999999999990
9999999999999999999999999999999999999999999999999999999999999999999999999999999990
999999999999999999999999999999999999999999999999999999999999999999999999999999990
99999999999999999999999999999999999999999999999999999999999999999999999999999999990
9999999999999999999999999999999999999999999999999999999999999999999999999999999990
999999999999999999999999999999999999999999999999999999999999999999999999999999999990
99999999999999999999999999999999999999999999999999999999999999999999999999999999990
9999999999999999999999999999999999999999999999999999999999999999999999999999999999990
999999999999999999999999999999999999999999999999999999999999999999999999999999999990
99999999999999999999999999999999999999999999999999999999999999999999999999999999999990
9999999999999999999999999999999999999999999999999999999999999999999999999999999999990
999999999999999999999999999999999999999999999999999999999999999999999999999999999999990
99999999999999999999999999999999999999999999999999999999999999999999999999999999999990
9999999999999999999999999999999999999999999999999999999999999999999999999999999999999990
999999999999999999999999999999999999999999999999999999999999999999999999999999999999990
99999999999999999999999999999999999999999999999999999999999999999999999999999999999999990
9999999999999999999999999999999999999999999999999999999999999999999999999999999999999990
999999999999999999999999999999999999999999999999999999999999999999999999999999999999999990
99999999999999999999999999999999999999999999999999999999999999999999999999999999999999990
9999999999999999999999999999999999999999999999999999999999999999999999999999999999999999990
999999999999999999999999999999999999999999999999999999999999999999999999999999999999999990
99999999999999999999999999999999999999999999999999999999999999999999999999999999999999999990
9999999999999999999999999999999999999999999999999999999999999999999999999999999999999999990
999999999999999999999999999999999999999999999999999999999999999999999999999999999999999999990
99999999999999999999999999999999999999999999999999999999999999999999999999999999999999999990
9999999999999999999999999999999999999999999999999999999999999999999999999999999999999999999990
999999999999999999999999999999999999999999999999999999999999999999999999999999999999999999990
99999999999999999999999999999999999999999999999999999999999999999999999999999999999999999999990
9999999999999999999999999999999999999999999999999999999999999999999999999999999999999999999990
999999999999999999999999999999999999999999999999999999999999999999999999999999999999999999999990
99999999999999999999999999999999999999999999999999999999999999999999999999999999999999999999990
9999999999999999999999999999999999999999999999999999999999999999999999999999999999999999999999990
999999999999999999999999999999999999999999999999999999999999999999999999999999999999999999999990
99999999999999999999999999999999999999999999999999999999999999999999999999999999999999999999999990
9999999999999999999999999999999999999999999999999999999999999999999999999999999999999999999999990
999999999999999999999999999999999999999999999999999999999999999999999999999999999999999999999999990
99999999999999999999999999999999999999999999999999999999999999999999999999999999999999999999999990
9999999999999999999999999999999999999999999999999999999999999999999999999999999999999999999999999990
999999999999999999999999999999999999999999999999999999999999999999999999999999999999999999999999990
99999999999999999999999999999999999999999999999999999999999999999999999999999999999999999999999999990
9999999999999999999999999999999999999999999999999999999999999999999999999999999999999999999999999990
999999999999999999999999999999999999999999999999999999999999999999999999999999999999999999999999999990
99999999999999999999999999999999999999999999999999999999999999999999999999999999999999999999999999990
9999999999999999999999999999999999999999999999999999999999999999999999999999999999999999999999999999990
999999999999999999999999999999999999999999999999999999999999999999999999999999999999999999999999999990
99999999999999999999999999999999999999999999999999999999999999999999999999999999999999999999999999999990
9999999999999999999999999999999999999999999999999999999999999999999999999999999999999999999999999999990
999999999999999999999999999999999999999999999999999999999999999999999999999999999999999999999999999999990
99999999999999999999999999999999999999999999999999999999999999999999999999999999999999999999999999999990
9999999999999999999999999999999999999999999999999999999999999999999999999999999999999999999999999999999990
999999999999999999999999999999999999999999999999999999999999999999999999999999999999999999999999999999990
99999999999999999999999999999999999999999999999999999999999999999999999999999999999999999999999999999999990
9999999999999999999999999999999999999999999999999999999999999999999999999999999999999999999999999999999990
999999999999999999999999999999999999999999999999999999999999999999999999999999999999999999999999999999999990
99999999999999999999999999999999999999999999999999999999999999999999999999999999999999999999999999999999990
9999999999999999999999999999999999999999999999999999999999999999999999999999999999999999999999999999999999990
999999999999999999999999999999999999999999999999999999999999999999999999999999999999999999999999999999999990
99999999999999999999999999999999999999999999999999999999999999999999999999999999999999999999999999999999999990
9999999999999999999999999999999999999999999999999999999999999999999999999999999999999999999999999999999999990
999999999999999999999999999999999999999999999999999999999999999999999999999999999999999999999999999999999999990
99999999999999999999999999999999999999999999999999999999999999999999999999999999999999999999999999999999999990
9999999999999999999999999999999999999999999999999999999999999999999999999999999999999999999999999999999999999990
999999999999999999999999999999999999999999999999999999999999999999999999999999999999999999999999999999999999990
99999999999999999999999999999999999999999999999999999999999999999999999999999999999999999999999999999999999999990
9999999999999999999999999999999999999999999999999999999999999999999999999999999999999999999999999999999999999990
999999999999999999999999999999999999999999999999999999999999999999999999999999999999999999999999999999999999999990
99999999999999999999999999999999999999999999999999999999999999999999999999999999999999999999999999999999999999990
9999999999999999999999999999999999999999999999999999999999999999999999999999999999999999999999999999999999999999990
999999999999999999999999999999999999999999999999999999999999999999999999999999999999999999999999999999999999999990
99999999999999999999999999999999999999999999999999999999999999999999999999999999999999999999999999999999999999999990
9999999999999999999999999999999999999999999999999999999999999999999999999999999999999999999999999999999999999999990
